SPoint2D bat 1[] = {
    443, 293
    443, 292
    443, 291
    442, 287
    442, 283
    441, 277
    440, 269
    438, 259
    435, 248
    432, 235
    426, 221
    415, 207
    399, 197
    378, 191
    354, 187
    327, 181
    298, 172
    266, 157
    234, 133
    219, 95
    245, 61
    288, 47
    335, 43
    381, 46
    426, 53
    468, 62
    506, 73
    541, 84
    571, 94
    595, 103
    613, 111
    625, 115
    629, 117
};

SPoint2D bat 2[] = {
    443, 293
    444, 293
    445, 291
    448, 289
    451, 286
    456, 282
    462, 277
    469, 270
    477, 261
    484, 250
    488, 235
    486, 218
    475, 201
    458, 187
    437, 175
    413, 162
    392, 143
    370, 121
    349, 97
    332, 70
    344, 44
    376, 43
    408, 48
    439, 55
    468, 64
    494, 73
    519, 81
    540, 90
    559, 98
    573, 104
    584, 110
    591, 114
    593, 115
};

SPoint2D bat 3[] = {
    443, 293
    446, 291
    454, 286
    465, 279
    479, 270
    494, 260
    507, 248
    518, 236
    515, 224
    506, 218
    496, 214
    487, 211
    477, 207
    464, 204
    449, 200
    429, 196
    404, 191
    375, 184
    342, 174
    309, 157
    285, 128
    305, 95
    344, 80
    385, 74
    425, 74
    463, 77
    498, 83
    530, 90
    557, 98
    580, 106
    596, 112
    607, 116
    611, 118
};

SPoint2D bat 4[] = {
    443, 293
    446, 293
    453, 294
    464, 295
    478, 295
    496, 296
    516, 296
    538, 294
    561, 291
    586, 284
    587, 262
    563, 247
    535, 236
    506, 226
    477, 217
    446, 209
    416, 201
    386, 192
    356, 181
    327, 169
    303, 148
    327, 130
    359, 124
    392, 120
    425, 117
    458, 116
    490, 114
    522, 114
    551, 113
    574, 113
    586, 113
    589, 113
    589, 113
};

SPoint2D bat 5[] = {
    443, 293
    445, 294
    449, 296
    457, 300
    467, 306
    481, 312
    497, 319
    515, 326
    537, 331
    556, 320
    546, 296
    527, 274
    505, 254
    480, 236
    456, 220
    434, 205
    415, 193
    398, 181
    383, 171
    370, 162
    357, 153
    343, 142
    327, 128
    311, 103
    320, 76
    359, 72
    400, 73
    445, 78
    496, 85
    551, 96
    595, 107
    611, 112
    614, 113
};

SPoint2D bat 6[] = {
    443, 293
    445, 295
    449, 301
    457, 310
    467, 323
    482, 338
    500, 355
    523, 371
    553, 384
    588, 381
    598, 353
    582, 328
    562, 312
    543, 300
    526, 292
    508, 285
    490, 280
    468, 276
    441, 273
    410, 270
    378, 264
    346, 254
    317, 236
    302, 205
    312, 170
    338, 141
    373, 118
    414, 101
    462, 90
    519, 88
    581, 100
    610, 111
    614, 113
};

SPoint2D bat 7[] = {
    443, 293
    443, 296
    443, 305
    443, 319
    442, 338
    440, 361
    436, 388
    429, 418
    419, 449
    402, 480
    370, 486
    353, 451
    347, 412
    345, 373
    345, 333
    346, 294
    350, 257
    357, 221
    368, 188
    383, 159
    405, 136
    429, 119
    456, 110
    481, 104
    505, 103
    526, 103
    545, 104
    561, 105
    575, 107
    586, 109
    594, 110
    598, 111
    600, 111
};

SPoint2D bat 8[] = {
    443, 293
    442, 295
    438, 299
    431, 305
    422, 313
    411, 321
    398, 329
    384, 336
    369, 342
    353, 346
    338, 346
    324, 342
    312, 337
    302, 329
    292, 317
    284, 301
    278, 279
    274, 252
    270, 217
    274, 179
    297, 147
    331, 126
    368, 112
    407, 104
    444, 100
    480, 99
    513, 100
    542, 104
    567, 107
    588, 112
    603, 115
    613, 118
    616, 119
};

SPoint2D bat 9[] = {
    443, 293
    442, 294
    439, 296
    434, 300
    426, 305
    416, 310
    403, 316
    387, 321
    368, 324
    345, 322
    322, 313
    299, 296
    280, 271
    267, 240
    259, 204
    258, 166
    262, 127
    274, 90
    296, 59
    329, 39
    366, 31
    402, 32
    437, 38
    469, 46
    498, 56
    525, 67
    548, 78
    568, 89
    585, 98
    599, 107
    608, 113
    614, 117
    616, 119
};

SPoint2D bat 10[] = {
    443, 293
    442, 293
    439, 293
    435, 293
    428, 293
    420, 293
    409, 293
    396, 292
    381, 292
    363, 291
    343, 289
    320, 287
    295, 282
    269, 272
    245, 252
    236, 220
    234, 183
    238, 145
    258, 111
    290, 87
    328, 73
    367, 67
    406, 66
    443, 68
    478, 73
    511, 79
    540, 87
    566, 94
    588, 102
    605, 109
    618, 114
    626, 118
    629, 119
};

SPoint2D bat 11[] = {
    443, 293
    443, 293
    443, 293
    442, 292
    440, 291
    438, 289
    434, 286
    429, 282
    421, 277
    412, 271
    401, 263
    386, 255
    369, 245
    348, 234
    325, 219
    308, 193
    302, 157
    301, 120
    307, 83
    326, 53
    358, 39
    391, 40
    422, 47
    451, 56
    476, 66
    500, 77
    520, 86
    539, 95
    554, 102
    566, 108
    575, 112
    581, 115
    583, 116
};

SPoint2D bat 12[] = {
    443, 293
    443, 292
    441, 290
    439, 287
    437, 282
    434, 275
    431, 267
    428, 257
    425, 244
    420, 230
    413, 216
    400, 202
    384, 190
    364, 178
    342, 167
    317, 156
    293, 140
    272, 114
    259, 81
    265, 45
    298, 26
    336, 24
    375, 29
    412, 39
    447, 50
    480, 62
    510, 75
    537, 87
    559, 97
    578, 106
    592, 113
    601, 117
    604, 119
};

SPoint2D bat 1[] = {
    443, 471
    443, 469
    442, 465
    442, 458
    441, 448
    439, 436
    437, 421
    435, 405
    432, 387
    427, 367
    421, 346
    411, 324
    397, 304
    379, 285
    360, 266
    339, 247
    318, 226
    295, 198
    276, 165
    264, 124
    271, 81
    302, 49
    346, 36
    391, 35
    435, 41
    476, 52
    513, 64
    546, 77
    574, 90
    597, 101
    614, 109
    625, 115
    629, 117
};

SPoint2D bat 2[] = {
    443, 471
    444, 470
    448, 466
    453, 459
    460, 450
    467, 438
    475, 423
    480, 405
    479, 385
    470, 364
    455, 345
    437, 327
    418, 310
    397, 292
    377, 273
    356, 254
    336, 234
    316, 212
    296, 184
    279, 151
    274, 113
    295, 79
    332, 61
    372, 56
    412, 58
    450, 63
    485, 72
    516, 82
    542, 92
    563, 101
    579, 108
    590, 113
    593, 115
};

SPoint2D bat 3[] = {
    443, 471
    445, 470
    451, 466
    461, 460
    473, 451
    487, 439
    500, 423
    507, 400
    503, 375
    488, 352
    467, 332
    442, 315
    417, 300
    390, 286
    363, 274
    336, 263
    308, 251
    277, 234
    244, 211
    220, 176
    230, 135
    267, 107
    311, 91
    357, 82
    402, 77
    445, 77
    485, 81
    521, 87
    552, 94
    577, 103
    595, 110
    607, 116
    611, 118
};

SPoint2D bat 4[] = {
    443, 471
    445, 471
    450, 471
    458, 471
    468, 471
    481, 471
    496, 470
    512, 469
    529, 464
    527, 447
    513, 430
    497, 414
    480, 396
    462, 377
    442, 357
    421, 336
    400, 313
    381, 288
    364, 261
    352, 232
    349, 201
    360, 171
    383, 150
    412, 136
    443, 127
    473, 121
    504, 117
    533, 115
    558, 113
    577, 113
    586, 113
    589, 113
    589, 113
};

SPoint2D bat 5[] = {
    443, 471
    444, 471
    448, 473
    454, 475
    462, 478
    473, 481
    486, 485
    501, 487
    518, 487
    537, 482
    546, 464
    541, 442
    528, 421
    512, 401
    493, 381
    472, 362
    448, 344
    423, 327
    397, 310
    371, 293
    345, 273
    320, 251
    298, 224
    284, 191
    292, 155
    320, 127
    358, 109
    402, 97
    453, 90
    512, 90
    577, 100
    609, 111
    614, 113
};

SPoint2D bat 6[] = {
    443, 471
    445, 474
    451, 481
    461, 493
    475, 508
    495, 526
    521, 542
    553, 555
    592, 556
    630, 539
    658, 504
    670, 459
    662, 411
    638, 368
    602, 333
    561, 308
    517, 290
    476, 279
    441, 273
    410, 267
    379, 259
    348, 246
    320, 227
    303, 196
    312, 161
    338, 132
    373, 111
    415, 95
    464, 87
    520, 87
    581, 100
    610, 111
    614, 113
};

SPoint2D bat 7[] = {
    443, 471
    443, 472
    442, 477
    442, 484
    440, 494
    438, 506
    435, 522
    429, 539
    417, 556
    396, 554
    379, 535
    365, 511
    353, 483
    342, 452
    333, 418
    325, 381
    320, 343
    316, 303
    314, 262
    316, 220
    324, 180
    341, 143
    369, 115
    404, 100
    440, 94
    474, 94
    505, 96
    532, 99
    555, 103
    574, 106
    588, 109
    597, 110
    600, 111
};

SPoint2D bat 8[] = {
    443, 471
    442, 473
    438, 479
    432, 488
    424, 500
    413, 514
    398, 530
    379, 546
    354, 557
    325, 555
    298, 538
    277, 512
    260, 481
    247, 447
    236, 411
    229, 373
    227, 334
    232, 293
    244, 253
    265, 215
    294, 182
    328, 156
    366, 136
    404, 122
    442, 112
    478, 107
    512, 105
    542, 106
    567, 109
    588, 112
    603, 116
    613, 118
    616, 119
};

SPoint2D bat 9[] = {
    443, 471
    441, 472
    435, 476
    425, 481
    411, 487
    394, 493
    373, 497
    348, 498
    321, 491
    295, 476
    273, 453
    255, 424
    242, 391
    231, 356
    224, 319
    220, 281
    223, 243
    236, 205
    259, 172
    290, 146
    324, 126
    361, 111
    398, 101
    434, 95
    469, 92
    501, 91
    530, 93
    556, 96
    578, 101
    595, 107
    607, 113
    614, 117
    616, 119
};

SPoint2D bat 10[] = {
    443, 471
    441, 471
    435, 471
    425, 471
    412, 471
    396, 472
    377, 472
    354, 473
    329, 473
    302, 472
    273, 468
    243, 460
    214, 444
    191, 419
    177, 386
    169, 349
    167, 311
    170, 271
    179, 228
    197, 185
    227, 147
    267, 118
    313, 98
    361, 86
    409, 82
    454, 82
    497, 86
    534, 92
    567, 99
    593, 107
    613, 113
    625, 117
    629, 119
};

SPoint2D bat 11[] = {
    443, 471
    441, 470
    436, 466
    428, 460
    416, 452
    401, 443
    382, 433
    361, 422
    338, 410
    313, 394
    291, 373
    272, 345
    260, 313
    252, 278
    248, 241
    246, 203
    248, 165
    258, 129
    278, 98
    308, 76
    342, 65
    376, 62
    409, 63
    439, 68
    467, 74
    493, 81
    516, 89
    535, 96
    552, 102
    565, 108
    575, 112
    580, 115
    583, 116
};

SPoint2D bat 12[] = {
    443, 471
    442, 469
    438, 464
    433, 456
    427, 445
    419, 431
    411, 414
    403, 394
    395, 372
    388, 349
    379, 324
    368, 299
    354, 275
    337, 253
    317, 232
    295, 213
    274, 192
    255, 163
    241, 127
    238, 87
    255, 49
    294, 29
    337, 26
    380, 31
    421, 42
    460, 54
    494, 68
    525, 81
    552, 93
    574, 104
    590, 112
    600, 117
    604, 119
};

SPoint2D bat 1[] = {
    443, 649
    443, 647
    442, 639
    441, 628
    439, 613
    437, 594
    434, 573
    430, 549
    426, 523
    420, 496
    412, 467
    403, 439
    391, 411
    376, 385
    358, 361
    338, 340
    316, 318
    293, 289
    271, 253
    254, 211
    248, 162
    262, 114
    299, 78
    347, 61
    397, 58
    445, 62
    489, 70
    529, 81
    563, 92
    591, 102
    611, 110
    624, 115
    629, 117
};

SPoint2D bat 2[] = {
    443, 649
    445, 646
    450, 639
    457, 627
    465, 610
    473, 588
    476, 562
    472, 533
    460, 504
    442, 476
    421, 450
    398, 425
    374, 401
    350, 378
    328, 356
    306, 335
    285, 313
    262, 286
    241, 252
    227, 211
    229, 166
    253, 126
    292, 98
    336, 82
    381, 74
    425, 73
    466, 76
    502, 83
    534, 91
    559, 100
    577, 108
    589, 113
    593, 115
};

SPoint2D bat 3[] = {
    443, 649
    446, 647
    454, 641
    468, 630
    484, 616
    503, 597
    521, 573
    537, 543
    544, 509
    540, 472
    524, 438
    501, 408
    474, 383
    445, 361
    418, 343
    391, 329
    365, 314
    336, 294
    307, 268
    283, 233
    275, 191
    291, 149
    325, 119
    366, 99
    408, 88
    450, 83
    489, 84
    524, 88
    554, 95
    578, 103
    596, 111
    607, 116
    611, 118
};

SPoint2D bat 4[] = {
    443, 649
    447, 649
    458, 647
    474, 642
    493, 631
    511, 612
    525, 587
    535, 556
    537, 522
    533, 486
    522, 449
    505, 414
    484, 382
    460, 352
    434, 325
    408, 303
    386, 281
    366, 257
    351, 229
    345, 199
    354, 169
    375, 148
    403, 134
    432, 125
    462, 119
    491, 116
    519, 114
    544, 113
    565, 113
    579, 113
    587, 113
    589, 113
    589, 113
};

SPoint2D bat 5[] = {
    443, 649
    446, 651
    453, 655
    466, 662
    483, 670
    505, 679
    533, 685
    565, 682
    591, 660
    602, 623
    599, 581
    588, 539
    571, 497
    548, 456
    521, 418
    491, 383
    459, 353
    427, 328
    397, 310
    370, 294
    343, 275
    318, 254
    295, 228
    282, 195
    290, 159
    318, 131
    356, 113
    400, 100
    451, 92
    510, 91
    576, 100
    609, 111
    614, 113
};

SPoint2D bat 6[] = {
    443, 649
    446, 652
    453, 662
    466, 677
    486, 695
    513, 713
    550, 724
    593, 716
    631, 686
    657, 640
    672, 587
    676, 528
    668, 469
    648, 412
    614, 362
    571, 322
    524, 296
    478, 280
    441, 273
    410, 267
    379, 259
    348, 246
    320, 227
    303, 196
    312, 161
    338, 132
    373, 111
    415, 95
    464, 87
    520, 87
    581, 100
    610, 111
    614, 113
};

SPoint2D bat 7[] = {
    443, 649
    442, 652
    441, 660
    438, 673
    434, 690
    428, 711
    419, 735
    405, 759
    377, 765
    357, 738
    342, 706
    330, 671
    320, 634
    310, 596
    302, 558
    295, 520
    290, 481
    287, 438
    286, 392
    290, 345
    298, 297
    313, 250
    335, 207
    364, 170
    399, 141
    437, 121
    475, 109
    510, 104
    541, 104
    566, 106
    584, 108
    596, 110
    600, 111
};

SPoint2D bat 8[] = {
    443, 649
    441, 652
    437, 660
    430, 672
    420, 687
    407, 704
    389, 717
    367, 720
    342, 713
    317, 699
    294, 677
    275, 647
    261, 612
    251, 574
    243, 534
    238, 493
    235, 453
    232, 412
    229, 373
    229, 333
    235, 288
    252, 242
    280, 199
    319, 164
    364, 138
    411, 120
    457, 110
    501, 106
    539, 106
    571, 109
    596, 114
    611, 118
    616, 119
};

SPoint2D bat 9[] = {
    443, 649
    439, 651
    429, 655
    411, 662
    388, 668
    358, 672
    324, 670
    289, 656
    257, 629
    233, 594
    215, 553
    202, 510
    192, 466
    186, 422
    183, 380
    180, 340
    184, 301
    197, 263
    221, 227
    252, 197
    288, 172
    326, 151
    366, 134
    405, 121
    443, 112
    480, 105
    513, 102
    543, 101
    569, 103
    590, 107
    605, 112
    613, 117
    616, 119
};

SPoint2D bat 10[] = {
    443, 649
    440, 649
    430, 649
    415, 649
    395, 648
    371, 645
    343, 638
    313, 626
    283, 608
    254, 584
    229, 554
    208, 519
    192, 481
    180, 441
    172, 400
    168, 360
    166, 320
    169, 280
    178, 237
    196, 194
    226, 155
    265, 125
    311, 104
    359, 91
    407, 85
    453, 84
    495, 87
    533, 93
    566, 99
    593, 107
    612, 113
    625, 117
    629, 119
};

SPoint2D bat 11[] = {
    443, 649
    440, 647
    432, 641
    420, 632
    402, 621
    380, 609
    355, 594
    326, 578
    297, 558
    267, 534
    241, 505
    219, 470
    205, 432
    196, 392
    193, 351
    194, 312
    200, 274
    215, 238
    238, 205
    266, 177
    299, 153
    333, 135
    368, 121
    402, 110
    436, 103
    467, 100
    496, 98
    521, 100
    543, 103
    560, 107
    573, 111
    580, 114
    583, 116
};

SPoint2D bat 12[] = {
    443, 649
    442, 647
    438, 640
    432, 630
    424, 616
    416, 598
    407, 578
    399, 554
    393, 528
    388, 499
    385, 470
    381, 439
    371, 410
    354, 385
    331, 365
    306, 350
    282, 333
    262, 305
    254, 269
    261, 230
    281, 194
    309, 162
    343, 136
    379, 117
    418, 103
    456, 96
    491, 94
    524, 96
    551, 101
    574, 107
    590, 113
    600, 117
    604, 119
};

SPoint2D bat 1[] = {
    640, 293
    640, 292
    640, 291
    640, 288
    639, 284
    638, 278
    637, 271
    635, 262
    632, 251
    627, 239
    622, 225
    614, 210
    604, 194
    591, 176
    573, 161
    548, 150
    522, 140
    499, 126
    477, 109
    458, 91
    461, 71
    486, 71
    508, 76
    529, 82
    549, 88
    566, 94
    582, 99
    596, 104
    607, 109
    617, 112
    623, 115
    628, 116
    629, 117
};

SPoint2D bat 2[] = {
    640, 293
    640, 292
    642, 290
    645, 287
    648, 282
    653, 276
    657, 268
    658, 257
    653, 245
    643, 233
    630, 223
    614, 212
    596, 201
    576, 190
    554, 179
    529, 167
    504, 155
    480, 140
    457, 124
    437, 105
    424, 83
    438, 65
    463, 66
    486, 71
    507, 77
    526, 84
    543, 91
    558, 98
    570, 104
    580, 108
    587, 112
    591, 114
    593, 115
};

SPoint2D bat 3[] = {
    640, 293
    641, 292
    645, 290
    652, 285
    660, 279
    669, 270
    679, 258
    689, 243
    696, 226
    699, 205
    690, 184
    670, 171
    646, 164
    619, 161
    592, 162
    564, 164
    536, 165
    508, 162
    481, 154
    458, 139
    444, 116
    453, 93
    475, 83
    499, 82
    521, 84
    541, 89
    559, 95
    574, 101
    587, 106
    597, 111
    604, 114
    609, 117
    611, 118
};

SPoint2D bat 4[] = {
    640, 293
    642, 293
    647, 293
    655, 293
    665, 292
    678, 291
    692, 290
    708, 285
    698, 273
    679, 266
    659, 260
    638, 254
    615, 247
    590, 241
    565, 235
    539, 228
    511, 221
    483, 213
    453, 204
    425, 192
    403, 173
    419, 151
    445, 140
    471, 133
    496, 127
    520, 123
    541, 120
    558, 117
    572, 115
    582, 114
    587, 113
    589, 113
    589, 113
};

SPoint2D bat 5[] = {
    640, 293
    642, 294
    649, 298
    659, 304
    673, 311
    691, 321
    713, 331
    737, 342
    766, 352
    794, 347
    777, 317
    750, 290
    720, 265
    687, 242
    653, 219
    618, 199
    583, 180
    548, 164
    517, 151
    488, 139
    459, 126
    430, 113
    401, 98
    373, 79
    384, 58
    419, 59
    454, 64
    491, 72
    529, 82
    568, 94
    602, 108
    613, 113
    614, 113
};

SPoint2D bat 6[] = {
    640, 293
    641, 295
    644, 301
    649, 311
    657, 323
    668, 337
    682, 353
    702, 368
    726, 380
    746, 373
    722, 352
    693, 335
    662, 320
    630, 306
    596, 293
    563, 281
    532, 271
    501, 260
    468, 249
    432, 235
    395, 219
    359, 197
    334, 166
    321, 133
    327, 102
    360, 85
    402, 80
    450, 80
    502, 86
    552, 94
    589, 104
    609, 111
    614, 113
};

SPoint2D bat 7[] = {
    640, 293
    640, 295
    640, 300
    640, 309
    640, 320
    640, 335
    637, 353
    633, 373
    622, 393
    601, 406
    574, 402
    549, 386
    525, 364
    503, 338
    482, 309
    461, 277
    443, 245
    430, 212
    423, 180
    425, 150
    438, 124
    459, 108
    482, 100
    504, 97
    524, 97
    542, 99
    557, 101
    570, 103
    581, 106
    589, 108
    595, 110
    599, 111
    600, 111
};

SPoint2D bat 8[] = {
    640, 293
    639, 294
    638, 297
    635, 302
    631, 309
    625, 318
    617, 329
    607, 340
    593, 351
    574, 360
    551, 362
    526, 354
    503, 338
    480, 316
    459, 289
    439, 258
    423, 225
    413, 191
    411, 157
    420, 126
    439, 104
    464, 91
    490, 87
    514, 88
    535, 91
    554, 96
    570, 101
    584, 106
    596, 110
    604, 114
    611, 117
    615, 118
    616, 119
};

SPoint2D bat 9[] = {
    640, 293
    639, 294
    636, 296
    631, 299
    624, 304
    614, 309
    602, 314
    586, 318
    568, 321
    547, 320
    524, 314
    500, 303
    477, 285
    457, 261
    441, 231
    431, 195
    430, 159
    435, 125
    448, 98
    470, 80
    494, 72
    517, 72
    538, 75
    555, 81
    570, 87
    582, 94
    592, 100
    600, 105
    606, 110
    611, 114
    614, 117
    615, 118
    616, 119
};

SPoint2D bat 10[] = {
    640, 293
    639, 293
    635, 293
    628, 293
    619, 293
    607, 293
    593, 293
    576, 293
    557, 292
    535, 291
    510, 289
    484, 285
    454, 279
    424, 270
    394, 252
    377, 220
    379, 183
    390, 150
    410, 124
    436, 107
    463, 98
    489, 94
    513, 93
    536, 95
    555, 97
    573, 101
    588, 105
    600, 109
    611, 112
    619, 115
    624, 117
    628, 119
    629, 119
};

SPoint2D bat 11[] = {
    640, 293
    640, 293
    640, 293
    639, 292
    637, 291
    634, 289
    630, 286
    625, 282
    617, 277
    607, 271
    595, 263
    580, 253
    561, 241
    540, 227
    515, 208
    490, 183
    471, 153
    464, 123
    473, 98
    494, 90
    514, 91
    531, 95
    544, 99
    555, 103
    563, 107
    569, 110
    574, 112
    578, 113
    580, 115
    581, 115
    582, 116
    582, 116
    583, 116
};

SPoint2D bat 12[] = {
    640, 293
    640, 293
    639, 291
    637, 289
    635, 286
    632, 281
    628, 276
    623, 269
    617, 261
    610, 252
    601, 243
    590, 233
    576, 224
    560, 215
    541, 206
    521, 196
    499, 185
    474, 173
    451, 157
    434, 136
    424, 110
    435, 86
    459, 79
    484, 80
    507, 84
    528, 90
    547, 96
    564, 102
    578, 108
    589, 112
    597, 116
    602, 118
    604, 119
};

SPoint2D bat 1[] = {
    640, 471
    640, 469
    641, 461
    642, 450
    642, 434
    641, 416
    639, 394
    634, 370
    626, 345
    615, 319
    600, 295
    581, 271
    559, 250
    535, 232
    510, 216
    484, 202
    460, 188
    440, 168
    426, 143
    425, 115
    440, 92
    464, 80
    489, 77
    514, 78
    536, 82
    557, 87
    575, 93
    591, 99
    604, 105
    615, 110
    623, 114
    627, 116
    629, 117
};

SPoint2D bat 2[] = {
    640, 471
    642, 469
    646, 462
    653, 450
    660, 435
    666, 414
    667, 390
    659, 364
    642, 341
    619, 321
    592, 303
    564, 287
    535, 272
    507, 258
    479, 245
    452, 232
    427, 219
    404, 200
    385, 177
    375, 148
    379, 118
    398, 95
    425, 82
    453, 78
    480, 78
    505, 82
    527, 88
    546, 94
    562, 101
    575, 107
    585, 111
    591, 114
    593, 115
};

SPoint2D bat 3[] = {
    640, 471
    643, 469
    651, 464
    664, 456
    680, 443
    699, 426
    715, 404
    724, 374
    715, 342
    691, 317
    660, 298
    627, 284
    594, 273
    560, 265
    529, 259
    499, 254
    471, 248
    440, 239
    410, 225
    384, 202
    372, 170
    381, 136
    404, 111
    435, 96
    466, 88
    497, 86
    525, 89
    550, 94
    571, 101
    588, 107
    600, 113
    608, 116
    611, 118
};

SPoint2D bat 4[] = {
    640, 471
    642, 471
    649, 472
    661, 472
    676, 472
    696, 470
    718, 465
    741, 454
    758, 430
    758, 399
    745, 368
    724, 338
    698, 311
    669, 285
    636, 262
    602, 242
    567, 225
    533, 211
    501, 200
    475, 185
    461, 160
    465, 134
    482, 115
    503, 106
    524, 103
    542, 103
    558, 105
    570, 108
    579, 110
    584, 112
    588, 113
    589, 113
    589, 113
};

SPoint2D bat 5[] = {
    640, 471
    642, 472
    648, 476
    658, 482
    672, 489
    690, 498
    711, 507
    737, 514
    766, 510
    775, 481
    765, 448
    746, 416
    723, 386
    695, 357
    665, 330
    633, 307
    599, 286
    566, 270
    534, 258
    505, 247
    476, 234
    448, 218
    423, 197
    407, 169
    413, 137
    438, 114
    471, 100
    506, 94
    543, 94
    579, 100
    606, 109
    613, 113
    614, 113
};

SPoint2D bat 6[] = {
    640, 471
    641, 474
    646, 481
    653, 494
    663, 510
    678, 528
    700, 547
    730, 557
    762, 545
    781, 512
    785, 471
    776, 428
    755, 388
    725, 353
    688, 325
    647, 303
    606, 287
    567, 277
    532, 271
    501, 265
    470, 258
    440, 247
    411, 231
    388, 206
    385, 172
    404, 142
    433, 119
    469, 104
    510, 96
    555, 96
    597, 106
    613, 112
    614, 113
};

SPoint2D bat 7[] = {
    640, 471
    640, 474
    640, 482
    640, 495
    639, 513
    636, 534
    628, 558
    606, 575
    576, 569
    549, 549
    524, 523
    500, 494
    479, 463
    460, 429
    443, 394
    431, 357
    424, 320
    418, 283
    414, 247
    412, 212
    415, 178
    423, 146
    439, 120
    463, 103
    489, 96
    513, 95
    535, 97
    554, 100
    570, 103
    583, 106
    592, 109
    598, 110
    600, 111
};

SPoint2D bat 8[] = {
    640, 471
    639, 473
    634, 480
    628, 490
    618, 504
    604, 519
    587, 536
    564, 551
    535, 558
    503, 554
    473, 538
    447, 513
    425, 483
    406, 449
    392, 414
    383, 376
    380, 338
    379, 300
    381, 263
    387, 226
    398, 192
    415, 161
    438, 137
    464, 120
    492, 110
    519, 106
    543, 106
    565, 108
    583, 111
    597, 114
    607, 117
    614, 118
    616, 119
};

SPoint2D bat 9[] = {
    640, 471
    637, 472
    630, 477
    618, 482
    601, 489
    579, 495
    553, 498
    524, 495
    494, 486
    464, 469
    436, 445
    411, 417
    390, 385
    373, 349
    360, 312
    353, 274
    354, 237
    361, 201
    374, 168
    394, 141
    418, 119
    444, 104
    472, 95
    498, 90
    522, 89
    544, 91
    564, 94
    580, 99
    594, 105
    604, 110
    611, 115
    615, 118
    616, 119
};

SPoint2D bat 10[] = {
    640, 471
    638, 471
    633, 471
    625, 471
    614, 471
    600, 470
    583, 469
    564, 466
    542, 463
    518, 457
    492, 449
    465, 437
    439, 420
    414, 397
    393, 368
    379, 333
    371, 296
    368, 259
    371, 221
    382, 187
    400, 156
    424, 132
    452, 116
    482, 106
    510, 101
    536, 100
    560, 101
    580, 105
    597, 109
    611, 113
    621, 116
    627, 118
    629, 119
};

SPoint2D bat 11[] = {
    640, 471
    638, 470
    633, 466
    623, 461
    611, 455
    594, 448
    574, 442
    550, 437
    524, 433
    495, 429
    464, 423
    432, 412
    403, 393
    382, 364
    368, 330
    361, 292
    359, 255
    361, 219
    370, 186
    384, 157
    403, 133
    426, 116
    450, 105
    474, 98
    496, 96
    516, 96
    534, 99
    549, 102
    561, 106
    571, 110
    577, 113
    581, 115
    583, 116
};

SPoint2D bat 12[] = {
    640, 471
    639, 469
    635, 464
    630, 455
    623, 443
    615, 428
    607, 410
    600, 389
    594, 366
    588, 341
    581, 315
    571, 288
    556, 264
    534, 245
    509, 231
    482, 220
    456, 210
    430, 195
    407, 175
    391, 149
    389, 119
    408, 96
    435, 85
    463, 83
    490, 84
    515, 89
    537, 94
    556, 100
    573, 106
    586, 111
    596, 115
    602, 118
    604, 119
};

SPoint2D bat 1[] = {
    640, 649
    639, 645
    637, 633
    633, 614
    625, 591
    613, 563
    598, 532
    580, 499
    559, 466
    537, 431
    513, 397
    488, 364
    463, 332
    439, 303
    417, 277
    396, 254
    377, 232
    357, 206
    340, 176
    328, 142
    333, 105
    361, 81
    398, 73
    435, 73
    470, 77
    503, 83
    533, 89
    560, 96
    584, 103
    603, 109
    617, 113
    626, 116
    629, 117
};

SPoint2D bat 2[] = {
    640, 649
    643, 645
    649, 633
    658, 614
    665, 587
    668, 554
    665, 517
    657, 476
    643, 435
    623, 395
    599, 356
    571, 322
    541, 291
    510, 266
    480, 247
    452, 232
    427, 219
    404, 200
    385, 177
    375, 148
    379, 118
    398, 95
    425, 82
    453, 78
    480, 78
    505, 82
    527, 88
    546, 94
    562, 101
    575, 107
    585, 111
    591, 114
    593, 115
};

SPoint2D bat 3[] = {
    640, 649
    644, 647
    656, 639
    672, 625
    691, 604
    708, 575
    719, 539
    719, 497
    708, 454
    687, 414
    657, 379
    622, 350
    585, 328
    549, 311
    514, 299
    484, 292
    456, 284
    426, 272
    397, 254
    373, 227
    363, 192
    371, 156
    393, 127
    422, 106
    455, 94
    487, 89
    518, 90
    545, 94
    568, 100
    586, 106
    599, 112
    608, 116
    611, 118
};

SPoint2D bat 4[] = {
    640, 649
    643, 648
    651, 646
    664, 641
    681, 635
    699, 625
    718, 610
    730, 586
    728, 557
    714, 529
    695, 502
    673, 476
    649, 449
    624, 422
    599, 395
    576, 366
    554, 337
    536, 306
    524, 276
    516, 247
    507, 219
    501, 192
    500, 166
    508, 145
    524, 131
    541, 123
    556, 119
    569, 116
    578, 114
    584, 114
    588, 113
    589, 113
    589, 113
};

SPoint2D bat 5[] = {
    640, 649
    643, 651
    651, 656
    665, 663
    684, 671
    709, 678
    739, 677
    764, 654
    772, 617
    769, 575
    758, 531
    741, 488
    719, 444
    693, 402
    663, 362
    629, 327
    593, 298
    557, 276
    524, 262
    495, 251
    466, 238
    438, 222
    414, 200
    399, 171
    407, 139
    433, 116
    466, 102
    501, 95
    539, 94
    576, 100
    605, 109
    613, 113
    614, 113
};

SPoint2D bat 6[] = {
    640, 649
    642, 653
    648, 663
    658, 679
    674, 699
    700, 718
    736, 724
    773, 703
    798, 664
    811, 615
    812, 561
    800, 506
    777, 453
    743, 405
    702, 363
    656, 329
    610, 303
    567, 284
    532, 271
    503, 260
    474, 247
    445, 232
    418, 213
    396, 187
    389, 154
    407, 124
    438, 104
    475, 94
    516, 90
    559, 95
    599, 106
    613, 112
    614, 113
};

SPoint2D bat 7[] = {
    640, 649
    640, 653
    639, 663
    638, 680
    635, 702
    628, 729
    614, 757
    585, 775
    548, 766
    515, 743
    486, 713
    460, 679
    436, 643
    416, 606
    398, 569
    385, 531
    374, 493
    364, 451
    354, 407
    346, 361
    341, 313
    341, 265
    350, 218
    371, 177
    402, 145
    440, 126
    477, 115
    511, 111
    541, 109
    566, 109
    584, 110
    596, 111
    600, 111
};

SPoint2D bat 8[] = {
    640, 649
    638, 652
    633, 661
    624, 674
    612, 692
    596, 712
    575, 734
    548, 754
    513, 763
    478, 747
    453, 716
    434, 679
    421, 639
    409, 599
    401, 559
    393, 520
    387, 481
    382, 440
    379, 396
    378, 352
    380, 306
    386, 262
    397, 219
    415, 180
    440, 147
    472, 125
    505, 113
    536, 109
    564, 110
    586, 113
    602, 116
    612, 118
    616, 119
};

SPoint2D bat 9[] = {
    640, 649
    635, 651
    619, 657
    594, 664
    560, 671
    519, 673
    473, 666
    426, 644
    385, 609
    353, 562
    329, 510
    313, 456
    303, 402
    299, 351
    300, 304
    305, 262
    316, 226
    331, 192
    351, 162
    375, 137
    402, 117
    430, 103
    459, 93
    487, 88
    514, 87
    538, 89
    559, 92
    577, 97
    591, 103
    602, 109
    610, 114
    615, 118
    616, 119
};

SPoint2D bat 10[] = {
    640, 649
    635, 649
    619, 648
    594, 647
    562, 645
    523, 641
    479, 633
    432, 621
    384, 602
    337, 574
    296, 538
    262, 495
    238, 448
    222, 401
    213, 355
    208, 314
    209, 275
    219, 235
    238, 198
    267, 166
    302, 141
    341, 122
    381, 109
    420, 101
    459, 97
    495, 95
    528, 97
    557, 100
    582, 105
    602, 110
    617, 115
    626, 118
    629, 119
};

SPoint2D bat 11[] = {
    640, 649
    637, 647
    628, 641
    613, 632
    592, 620
    568, 606
    539, 591
    507, 574
    473, 554
    438, 532
    404, 506
    372, 477
    344, 443
    322, 406
    307, 367
    299, 328
    297, 290
    303, 253
    315, 219
    334, 188
    358, 162
    384, 141
    412, 125
    440, 113
    467, 106
    492, 102
    515, 100
    535, 102
    552, 105
    565, 108
    575, 112
    581, 115
    583, 116
};

SPoint2D bat 12[] = {
    640, 649
    637, 645
    631, 634
    621, 617
    609, 593
    597, 563
    585, 529
    573, 492
    560, 452
    546, 411
    530, 370
    511, 331
    489, 296
    464, 266
    437, 244
    410, 228
    385, 214
    361, 195
    344, 169
    341, 137
    358, 109
    385, 93
    416, 84
    447, 81
    476, 83
    504, 87
    529, 92
    550, 99
    569, 105
    584, 110
    595, 115
    602, 118
    604, 119
};

SPoint2D bat 1[] = {
    837, 293
    839, 290
    843, 282
    848, 268
    848, 248
    838, 227
    818, 208
    792, 193
    762, 180
    730, 170
    696, 161
    662, 154
    628, 149
    594, 144
    563, 140
    533, 137
    507, 130
    483, 117
    463, 100
    457, 79
    480, 74
    502, 77
    523, 82
    542, 87
    559, 92
    575, 98
    589, 102
    601, 106
    611, 110
    618, 113
    624, 115
    628, 117
    629, 117
};

SPoint2D bat 2[] = {
    837, 293
    838, 291
    842, 284
    847, 273
    851, 257
    849, 238
    837, 218
    816, 203
    791, 192
    763, 184
    733, 179
    702, 175
    671, 173
    640, 172
    610, 172
    581, 172
    555, 167
    534, 155
    517, 140
    507, 123
    507, 105
    520, 97
    535, 97
    547, 100
    558, 102
    567, 105
    574, 108
    580, 110
    585, 112
    589, 113
    591, 114
    593, 115
    593, 115
};

SPoint2D bat 3[] = {
    837, 293
    837, 293
    838, 292
    841, 290
    845, 285
    854, 278
    865, 264
    863, 238
    834, 214
    793, 201
    750, 193
    710, 188
    677, 186
    649, 184
    620, 182
    590, 178
    561, 173
    532, 168
    503, 160
    476, 150
    451, 137
    441, 114
    465, 104
    490, 102
    513, 103
    534, 104
    553, 107
    570, 109
    584, 112
    595, 114
    604, 116
    609, 117
    611, 118
};

SPoint2D bat 4[] = {
    837, 293
    841, 293
    853, 293
    870, 293
    893, 293
    921, 293
    952, 292
    986, 291
    976, 284
    937, 279
    896, 275
    854, 269
    811, 263
    768, 257
    726, 249
    685, 240
    648, 230
    615, 218
    590, 203
    571, 187
    558, 169
    551, 152
    549, 137
    553, 124
    560, 116
    568, 113
    575, 112
    581, 112
    584, 112
    587, 113
    588, 113
    589, 113
    589, 113
};

SPoint2D bat 5[] = {
    837, 293
    840, 294
    847, 299
    860, 305
    878, 313
    900, 322
    928, 331
    960, 337
    996, 338
    997, 310
    961, 287
    919, 268
    875, 251
    829, 235
    781, 220
    733, 205
    684, 192
    637, 180
    593, 169
    552, 159
    517, 151
    487, 143
    458, 132
    433, 113
    446, 90
    477, 84
    509, 84
    539, 88
    568, 95
    592, 104
    608, 110
    613, 113
    614, 113
};

SPoint2D bat 6[] = {
    837, 293
    838, 296
    843, 304
    850, 316
    860, 333
    874, 353
    893, 374
    917, 396
    949, 412
    983, 400
    974, 360
    946, 326
    911, 297
    872, 271
    830, 249
    788, 230
    746, 213
    708, 199
    674, 189
    645, 179
    615, 168
    585, 156
    556, 142
    528, 126
    501, 107
    480, 82
    501, 66
    533, 74
    564, 86
    591, 100
    608, 110
    614, 113
    614, 113
};

SPoint2D bat 7[] = {
    837, 293
    837, 297
    836, 308
    834, 327
    830, 351
    822, 379
    810, 411
    789, 442
    759, 469
    719, 484
    675, 481
    633, 466
    596, 441
    563, 413
    534, 382
    508, 351
    490, 319
    475, 285
    463, 252
    454, 219
    448, 186
    449, 155
    457, 127
    475, 108
    499, 98
    521, 96
    542, 97
    559, 100
    573, 103
    585, 106
    593, 109
    598, 110
    600, 111
};

SPoint2D bat 8[] = {
    837, 293
    835, 297
    828, 310
    816, 329
    800, 354
    777, 382
    749, 412
    714, 440
    673, 465
    625, 481
    574, 486
    524, 476
    481, 451
    449, 415
    429, 376
    417, 336
    410, 299
    404, 262
    401, 226
    401, 190
    407, 157
    424, 129
    449, 111
    477, 104
    504, 102
    529, 103
    551, 106
    570, 109
    586, 112
    599, 115
    608, 117
    614, 118
    616, 119
};

SPoint2D bat 9[] = {
    837, 293
    830, 296
    812, 303
    783, 311
    746, 320
    703, 327
    657, 334
    610, 339
    565, 342
    524, 341
    488, 333
    457, 322
    430, 307
    406, 288
    386, 267
    369, 241
    357, 210
    351, 174
    353, 137
    361, 100
    381, 71
    412, 53
    445, 49
    476, 52
    505, 59
    531, 69
    553, 79
    572, 89
    588, 98
    600, 107
    609, 113
    614, 117
    616, 119
};

SPoint2D bat 10[] = {
    837, 293
    834, 293
    826, 293
    812, 294
    794, 295
    771, 296
    745, 296
    715, 297
    683, 296
    649, 295
    612, 292
    575, 287
    537, 279
    500, 267
    465, 248
    437, 221
    420, 189
    416, 155
    430, 127
    453, 109
    479, 100
    504, 97
    526, 97
    547, 98
    565, 101
    580, 104
    593, 108
    605, 111
    613, 114
    620, 116
    625, 118
    628, 119
    629, 119
};

SPoint2D bat 11[] = {
    837, 293
    836, 291
    830, 286
    821, 279
    806, 272
    788, 266
    765, 259
    740, 254
    711, 248
    680, 243
    647, 238
    612, 233
    576, 227
    539, 222
    501, 215
    464, 205
    430, 188
    414, 157
    424, 127
    447, 110
    470, 101
    492, 97
    512, 97
    528, 98
    542, 101
    554, 104
    563, 107
    569, 110
    575, 112
    578, 114
    581, 115
    582, 116
    583, 116
};

SPoint2D bat 12[] = {
    837, 293
    837, 293
    837, 292
    837, 291
    836, 288
    836, 284
    835, 277
    832, 267
    826, 254
    810, 238
    770, 224
    708, 216
    645, 212
    601, 208
    574, 204
    549, 197
    527, 186
    507, 173
    493, 155
    488, 135
    494, 117
    509, 107
    525, 103
    540, 102
    554, 104
    566, 106
    576, 109
    584, 112
    592, 114
    597, 116
    601, 118
    603, 119
    604, 119
};

SPoint2D bat 1[] = {
    837, 471
    836, 468
    833, 458
    829, 443
    821, 423
    812, 400
    798, 375
    781, 348
    760, 321
    735, 296
    707, 273
    676, 253
    644, 237
    612, 224
    582, 213
    553, 204
    528, 193
    505, 178
    487, 158
    475, 136
    474, 111
    490, 95
    512, 90
    533, 90
    552, 93
    569, 97
    584, 101
    598, 105
    609, 109
    617, 112
    624, 115
    628, 116
    629, 117
};

SPoint2D bat 2[] = {
    837, 471
    840, 468
    847, 459
    857, 444
    863, 420
    860, 392
    845, 362
    821, 335
    792, 310
    759, 287
    724, 266
    688, 247
    652, 231
    618, 216
    587, 203
    558, 192
    534, 180
    514, 163
    498, 145
    486, 126
    481, 106
    492, 92
    510, 90
    526, 92
    540, 96
    553, 100
    564, 103
    573, 107
    580, 110
    586, 112
    590, 114
    592, 115
    593, 115
};

SPoint2D bat 3[] = {
    837, 471
    841, 469
    853, 461
    870, 447
    888, 426
    899, 394
    890, 358
    863, 327
    828, 302
    788, 283
    747, 268
    706, 258
    667, 250
    631, 245
    600, 242
    571, 238
    539, 232
    506, 223
    472, 211
    439, 195
    407, 174
    382, 147
    386, 113
    420, 101
    455, 98
    487, 99
    517, 102
    543, 105
    566, 109
    585, 112
    599, 115
    607, 117
    611, 118
};

SPoint2D bat 4[] = {
    837, 471
    841, 471
    853, 470
    871, 470
    894, 469
    923, 467
    955, 465
    991, 460
    1016, 439
    986, 411
    949, 389
    909, 367
    869, 344
    827, 322
    785, 300
    744, 277
    703, 255
    664, 234
    629, 215
    598, 198
    574, 182
    555, 165
    543, 147
    540, 129
    548, 117
    559, 112
    569, 111
    577, 111
    582, 112
    586, 112
    588, 113
    589, 113
    589, 113
};

SPoint2D bat 5[] = {
    837, 471
    840, 473
    849, 477
    865, 484
    887, 490
    915, 493
    948, 488
    982, 471
    1007, 437
    1010, 392
    990, 347
    955, 308
    911, 275
    862, 247
    809, 224
    755, 205
    701, 189
    648, 176
    598, 165
    554, 157
    517, 151
    487, 144
    457, 133
    430, 115
    412, 89
    432, 66
    466, 65
    500, 71
    535, 81
    570, 94
    601, 107
    613, 113
    614, 113
};

SPoint2D bat 6[] = {
    837, 471
    838, 474
    843, 482
    850, 495
    861, 513
    875, 534
    894, 557
    920, 578
    942, 562
    925, 525
    897, 491
    864, 460
    826, 431
    785, 404
    743, 381
    700, 360
    658, 342
    619, 327
    585, 315
    556, 304
    526, 291
    497, 276
    469, 258
    444, 235
    423, 205
    415, 170
    426, 133
    455, 105
    496, 88
    545, 87
    593, 101
    612, 112
    614, 113
};

SPoint2D bat 7[] = {
    837, 471
    837, 476
    837, 491
    834, 514
    826, 543
    806, 574
    771, 597
    726, 605
    677, 599
    629, 582
    583, 556
    540, 526
    502, 491
    470, 456
    442, 420
    419, 385
    401, 351
    386, 315
    374, 278
    366, 239
    366, 200
    375, 163
    396, 134
    425, 115
    457, 105
    487, 102
    515, 101
    539, 102
    560, 105
    577, 107
    590, 109
    597, 110
    600, 111
};

SPoint2D bat 8[] = {
    837, 471
    834, 476
    826, 488
    812, 507
    791, 531
    763, 556
    727, 580
    683, 599
    634, 609
    581, 609
    530, 595
    483, 569
    446, 534
    419, 492
    401, 450
    391, 410
    385, 372
    381, 333
    380, 294
    382, 255
    388, 217
    401, 182
    420, 151
    446, 129
    476, 115
    505, 108
    533, 107
    557, 108
    577, 111
    594, 114
    606, 117
    613, 118
    616, 119
};

SPoint2D bat 9[] = {
    837, 471
    831, 473
    815, 479
    789, 488
    755, 497
    712, 504
    663, 509
    610, 508
    554, 500
    497, 484
    443, 461
    394, 430
    352, 392
    322, 349
    305, 304
    305, 262
    316, 226
    331, 192
    351, 162
    375, 137
    402, 117
    430, 103
    459, 93
    487, 88
    514, 87
    538, 89
    559, 92
    577, 97
    591, 103
    602, 109
    610, 114
    615, 118
    616, 119
};

SPoint2D bat 10[] = {
    837, 471
    833, 471
    822, 471
    804, 471
    780, 470
    750, 468
    717, 465
    680, 462
    640, 456
    598, 450
    555, 441
    512, 429
    470, 414
    432, 394
    399, 368
    379, 333
    371, 296
    368, 259
    371, 221
    382, 187
    400, 156
    424, 132
    452, 116
    482, 106
    510, 101
    536, 100
    560, 101
    580, 105
    597, 109
    611, 113
    621, 116
    627, 118
    629, 119
};

SPoint2D bat 11[] = {
    837, 471
    834, 468
    823, 460
    805, 450
    780, 441
    748, 433
    710, 427
    669, 422
    624, 417
    578, 411
    531, 404
    484, 392
    439, 375
    401, 350
    375, 315
    364, 276
    361, 239
    364, 204
    373, 171
    388, 143
    408, 121
    431, 106
    456, 97
    479, 93
    501, 93
    520, 95
    537, 98
    551, 102
    562, 106
    571, 110
    578, 113
    581, 115
    583, 116
};

SPoint2D bat 12[] = {
    837, 471
    835, 468
    830, 461
    822, 448
    812, 432
    801, 412
    787, 389
    772, 364
    755, 338
    733, 314
    705, 294
    673, 278
    639, 268
    605, 261
    572, 258
    542, 255
    514, 251
    485, 241
    459, 225
    437, 203
    423, 175
    420, 144
    433, 116
    456, 99
    483, 92
    509, 92
    533, 95
    554, 100
    571, 106
    585, 111
    595, 115
    602, 118
    604, 119
};

SPoint2D bat 1[] = {
    837, 649
    836, 643
    831, 627
    820, 602
    801, 572
    776, 539
    745, 503
    710, 466
    671, 428
    631, 390
    591, 353
    551, 318
    514, 284
    480, 254
    451, 226
    428, 203
    411, 181
    395, 155
    383, 127
    381, 96
    399, 72
    429, 65
    459, 66
    487, 71
    514, 77
    539, 84
    561, 91
    580, 98
    597, 104
    611, 110
    621, 114
    627, 116
    629, 117
};

SPoint2D bat 2[] = {
    837, 649
    841, 644
    851, 629
    867, 605
    885, 572
    896, 529
    884, 481
    852, 437
    810, 398
    763, 363
    714, 332
    666, 303
    621, 277
    579, 255
    543, 236
    513, 221
    489, 207
    465, 190
    444, 169
    426, 146
    414, 119
    416, 91
    438, 74
    464, 72
    489, 75
    512, 81
    532, 88
    550, 95
    565, 102
    577, 107
    586, 111
    591, 114
    593, 115
};

SPoint2D bat 3[] = {
    837, 649
    842, 646
    855, 637
    873, 622
    892, 597
    905, 561
    904, 519
    888, 477
    860, 438
    825, 404
    786, 377
    746, 355
    707, 338
    672, 326
    641, 318
    613, 310
    584, 298
    554, 283
    524, 264
    496, 243
    470, 217
    448, 189
    434, 156
    439, 123
    465, 105
    495, 100
    523, 100
    548, 103
    570, 107
    587, 111
    600, 115
    608, 117
    611, 118
};

SPoint2D bat 4[] = {
    837, 649
    842, 649
    855, 650
    876, 650
    902, 651
    934, 650
    970, 646
    990, 619
    965, 583
    932, 550
    897, 515
    861, 480
    824, 443
    787, 406
    751, 368
    715, 330
    681, 293
    650, 258
    622, 225
    598, 198
    580, 176
    565, 156
    554, 139
    548, 124
    552, 112
    563, 110
    572, 110
    578, 111
    583, 112
    586, 112
    588, 113
    589, 113
    589, 113
};

SPoint2D bat 5[] = {
    837, 649
    841, 652
    852, 660
    872, 673
    899, 687
    936, 700
    981, 702
    1027, 679
    1055, 630
    1061, 568
    1047, 503
    1018, 439
    977, 379
    925, 325
    865, 278
    801, 240
    734, 209
    669, 186
    609, 169
    557, 158
    517, 151
    487, 144
    457, 133
    430, 115
    412, 89
    432, 66
    466, 65
    500, 71
    535, 81
    570, 94
    601, 107
    613, 113
    614, 113
};

SPoint2D bat 6[] = {
    837, 649
    840, 654
    848, 669
    862, 690
    885, 714
    919, 734
    962, 736
    1001, 712
    1030, 671
    1027, 614
    987, 562
    934, 516
    873, 473
    808, 432
    743, 392
    679, 354
    620, 320
    569, 291
    532, 271
    505, 255
    479, 237
    453, 218
    429, 196
    408, 169
    399, 137
    414, 106
    446, 90
    484, 84
    523, 86
    564, 94
    601, 107
    613, 113
    614, 113
};

SPoint2D bat 7[] = {
    837, 649
    837, 654
    837, 668
    835, 691
    828, 720
    811, 751
    776, 772
    731, 771
    687, 752
    645, 724
    608, 689
    574, 650
    544, 609
    518, 568
    496, 529
    478, 492
    463, 457
    447, 419
    433, 380
    421, 339
    413, 298
    408, 256
    411, 215
    421, 177
    442, 146
    470, 125
    500, 114
    528, 109
    553, 108
    573, 108
    588, 109
    597, 111
    600, 111
};

SPoint2D bat 8[] = {
    837, 649
    834, 654
    826, 667
    811, 686
    788, 709
    757, 732
    718, 752
    670, 762
    619, 761
    567, 747
    519, 722
    477, 688
    444, 647
    419, 604
    403, 560
    393, 520
    387, 481
    382, 440
    379, 396
    378, 352
    380, 306
    386, 262
    397, 219
    415, 180
    440, 147
    472, 125
    505, 113
    536, 109
    564, 110
    586, 113
    602, 116
    612, 118
    616, 119
};

SPoint2D bat 9[] = {
    837, 649
    830, 652
    811, 658
    779, 666
    737, 672
    686, 672
    629, 661
    570, 639
    513, 606
    459, 564
    412, 516
    372, 463
    340, 409
    317, 355
    305, 305
    305, 262
    316, 226
    331, 192
    351, 162
    375, 137
    402, 117
    430, 103
    459, 93
    487, 88
    514, 87
    538, 89
    559, 92
    577, 97
    591, 103
    602, 109
    610, 114
    615, 118
    616, 119
};

SPoint2D bat 10[] = {
    837, 649
    832, 649
    817, 650
    793, 650
    761, 650
    723, 647
    680, 639
    635, 625
    589, 603
    545, 574
    505, 538
    471, 498
    441, 455
    416, 412
    396, 371
    379, 333
    367, 297
    361, 260
    363, 222
    374, 187
    393, 157
    419, 133
    448, 117
    478, 107
    506, 102
    533, 100
    558, 102
    579, 105
    596, 108
    610, 112
    621, 116
    627, 118
    629, 119
};

SPoint2D bat 11[] = {
    837, 649
    832, 646
    819, 638
    798, 626
    769, 611
    734, 594
    693, 576
    649, 555
    603, 532
    555, 506
    509, 478
    464, 446
    425, 411
    393, 373
    371, 332
    361, 292
    359, 255
    361, 219
    370, 186
    384, 157
    403, 133
    426, 116
    450, 105
    474, 98
    496, 96
    516, 96
    534, 99
    549, 102
    561, 106
    571, 110
    577, 113
    581, 115
    583, 116
};

SPoint2D bat 12[] = {
    837, 649
    835, 644
    828, 631
    817, 612
    802, 586
    783, 556
    759, 523
    732, 488
    702, 452
    669, 417
    635, 384
    600, 353
    564, 326
    529, 303
    496, 286
    467, 274
    441, 263
    415, 246
    394, 222
    380, 193
    378, 160
    391, 129
    414, 107
    443, 95
    473, 90
    501, 90
    526, 94
    549, 99
    568, 105
    583, 110
    595, 115
    602, 118
    604, 119
};

